accuracy: 0.8234625508494855
labels_disparity: ((6410, 190, 720), (0.8756830601092896, 0.025956284153005466, 0.09836065573770492), 7320)
lambda: 3
eps: 1e-12
alpha: 0.85
max_iter: 4000
removed_features: PS PRECT
