starting model comparison...
2021-11-26 18:50:45.056861
LogisticRegression: 0.808905, 0.0053
RandomForestClassifier: 0.886764, 0.0031
GradientBoostingClassifier: 0.863830, 0.0031
ExtraTreesClassifier: 0.884281, 0.0036
LightGBM: 0.880450, 0.0035
XGB: 0.862702, 0.0037
{'LogisticRegression': (0.8089048308375247, 0.005257897327983283),
'RandomForestClassifier': (0.8867642017428972, 0.0031390436944240974),
'GradientBoostingClassifier': (0.8638295666768444, 0.0031423057372669816),
'ExtraTreesClassifier': (0.8842810575539467, 0.003559854129116917),
'LGBM': (0.8804504486190703, 0.003506177068041386),
'XGB': (0.8627021468245237, 0.003745209205379412)}
end
2021-11-26 20:06:00.109356